0 0
0 0
0 0
0 4
4 0
4 4
-1117 -221
-917 1442
1101 -526
-402 138
317 334
-1183 77
-241 1968
512 -659
-1178 -1016
1019 -396
-1443 -747
-1087 428
-1722 -838
1308 -1815
-1455 -47
-227 -1016
1056 27
-674 1943
-1822 628
-1564 1710
-1000 747
-1637 1497
-1579 1658
1829 -1462
-508 -711
1969 -1782
1256 -1833
-772 114
302 -1220
-1939 -1641
1211 -1479
1921 -317
856 -878
-1836 915
1495 1073
-1744 -1446
-455 1949
-523 -1387
1327 -576
94 1880
-515 1266
-3 52
1145 1641
-1852 -97
707 -1581
1531 -1595
900 1160
-942 -1460
-1407 -1364
591 158
-1160 662
1487 1314
-1651 -294
833 1159
-1497 -1687
61 -974
-13 -1117
-1873 595
1300 -1660
-447 1063
1701 -1555
236 -956
1687 -1253
1350 167
681 -84
592 144
590 -1948
673 -1864
701 816
-1713 -1970
-239 -1160
1117 -1456
1220 1251
447 670
-1775 816
750 -29
798 1103
-275 -774
-68 -198
-583 -1312
496 -58
529 910
477 -1965
-1580 328
1870 1319
-1128 516
-1498 1323
1301 -705
-1859 635
-1772 1192
1500 577
-1008 -1561
1286 -661
-721 822
-721 -1285
-977 1626
1811 412
-877 1620
611 1878
-126 -1885
577 1995
409 1721
728 1488
802 1674
1135 -759
1209 -185
-302 1469
1890 -76
1157 -657
-453 531
-580 1903
150 1879
-1569 -1969
-618 1216
-271 -1689
1504 -554
97 -1949
-1425 -519
-190 -1031
244 848
-1915 1750
623 665
-746 -1293
1783 -1058
296 1833
-126 1229
641 322
-1551 -482
-1189 1636
-206 1205
1194 179
-1568 -1634
198 -1728
1150 -1105
445 584
-1904 1794
113 -1057
-40 1296
-1289 -1760
1274 1794
313 -929
503 1913
904 -1866
-4 -854
509 -929
-543 957
869 -1516
524 -654
989 1624
529 -1686
186 1075
222 878
779 1910
1517 1090
1028 -1707
-879 1217
30 459
-1260 941
1505 -460
1144 1487
-1477 -1770
1130 1424
-1839 -1299
-1703 -1882
-574 1718
-555 1701
1587 795
-1040 -1686
1875 -865
-1515 -1704
772 1558
1594 1745
-1434 278
6 1216
-1842 -1743
674 1887
-1212 -237
-1801 -702
1919 82
-481 -782
1381 -1154
-1636 -1993
576 498
1658 1663
-240 -1836
612 941
-1250 356
857 426
1023 664
765 1848
-1513 -929
383 -1914
-97 1974
-1846 -756
-441 -529
1595 818
1924 360
-829 1849
-604 777
-799 -1335
0 100
100 0
100 100
-1829 1450
610 -972
352 787
1403 1583
1635 -1311
-1151 881
-1234 -1865
1483 -1838
1851 -1523
-449 -273
34 313
1634 -1315
-1275 1749
-349 243
902 -1248
511 -576
888 1609
1890 1342
-189 118
457 -624
752 1040
956 -343
136 1035
-297 525
1875 1168
337 816
526 1915
-1914 1410
172 -1990
-1105 305
-729 1716
-514 -1454
-169 320
-1196 1326
-1435 1214
1307 1804
-156 862
-1153 -1135
104 286
-449 -902
-953 -443
-248 -1856
731 995
-1439 1266
97 1555
-1323 800
-495 -1332
-1138 -1196
547 -69
-1942 1992
1542 -1286
1702 1243
-1311 269
1747 790
1012 -1947
-662 -884
-1474 1639
1021 -276
798 -748
1815 -1037
1999 -293
1677 556
-1162 210
584 -1042
-1347 -694
-90 1222
-1268 -1049
265 -698
-1202 1864
-1702 -1305
-710 -849
-1393 -1949
1355 1133
1311 -1160
-641 -346
1961 -856
-328 341
-186 -215
-1135 -1217
-447 -1342
-364 143
-734 501
-511 1904
-1759 -1108
675 1992
6 573
910 1473
-282 195
1113 1999
-920 -1369
474 1285
377 -910
-499 1526
603 307
557 137
611 -1519
764 1624
737 745
-945 -297
943 -1849
1163 1535
-1021 -1263
-1408 1811
556 1105
1663 -167
-573 -1517
-1085 -85
-1614 -43
-1627 -495
849 -1133
-629 -1542
-1884 -1854
726 1372
1264 756
931 1096
-1793 206
-922 -84
446 1676
1399 -1648
-1209 -1349
1105 -568
-66 399
-1658 1979
294 -365
-867 180
-1795 335
-1949 -1214
-30 816
1588 614
1004 579
60 -1401
-676 1869
-951 1167
1727 1676
-1220 1009
-1838 933
-285 -1198
-550 816
1828 -1544
1093 1860
715 -67
1632 -213
724 199
1959 1161
-906 1762
-247 93
1491 -1646
-1801 -1811
-1270 -1749
177 879
624 1995
-78 1941
-69 -1047
-293 -968
-1030 517
-1010 -650
1064 776
599 1398
1793 -1971
-166 383
-647 -280
-76 231
-675 -346
369 1288
496 662
24 812
1397 1836
1491 416
416 -463
-994 1961
774 455
-1813 742
-962 -1956
163 -21
-581 333
-845 -1240
-1171 -1825
-1244 -12
631 -273
-1907 53
-1126 -277
-531 1420
907 179
-784 -1425
-1601 -137
-627 943
-533 -751
1440 -1908
186 -1662
-1629 390
-125 1468
754 1561
1440 1279
74 1045
-428 -1509
318 -709
-229 -1494
-848 -883
-115 678
-544 1005
0 200
200 0
200 200
132 789
-658 -1060
-315 63
292 630
-1820 120
507 -462
460 625
-1984 192
1385 469
1560 -743
-1697 1016
-1158 777
1489 659
370 1780
1675 -1970
18 1430
738 1150
1014 -1873
1112 -1899
1149 1901
-596 -887
-155 -1367
1684 812
-1441 -1089
1134 -490
1399 -1157
-959 1547
-1135 -667
1435 -553
1360 197
-1416 214
-1672 -1725
1346 505
-1913 1104
1962 -1002
318 247
-1790 1235
-649 749
-799 1608
-148 1619
1057 -912
-1615 -1720
745 1750
1074 542
-454 -710
-1788 -444
-811 -976
1643 1502
-613 1892
-1472 374
643 1532
723 1523
194 1657
1784 -1959
1293 -1747
-973 446
-1155 -1389
94 -1380
-885 -424
-826 -1202
1769 -1854
1247 1800
434 -1399
1566 1079
712 -1758
318 1258
-1893 -1006
-1237 683
-1668 -1139
-585 -55
1357 1745
-1525 -1149
-1434 -1170
1544 -1640
1442 88
-475 666
1054 -1182
974 1780
1346 -1588
907 -559
144 1257
-1754 245
-622 -136
-1445 1311
1551 452
-1481 -36
1026 -1494
-1975 -1081
28 -1062
597 -288
1421 668
1063 592
1259 -1993
459 -1565
1651 -196
-1819 945
1778 -1280
1832 886
-8 1730
887 -265
-697 -171
487 -1407
-1400 382
723 -1858
-1759 998
797 1126
1143 -631
506 -1550
229 -443
1542 -1136
-799 676
167 -1274
958 319
498 891
-1436 -21
352 893
99 -1821
-1911 598
432 403
1280 798
199 1259
1655 1107
421 1282
-790 -1313
751 1535
-1289 785
-57 354
1992 1178
-1165 677
948 1357
-1179 1251
1754 -1325
432 364
-1817 96
-1222 772
539 -475
-540 1517
1838 -1884
1750 1883
1762 526
1780 -455
1895 519
1921 -1656
534 -162
914 1090
639 -570
-1342 -804
-226 1005
113 1781
1932 1609
-1973 -737
300 1553
-328 -1188
-360 -1298
1020 -1014
-1866 -1957
-1758 382
1505 1153
-803 -1457
-804 1800
-1016 1150
-195 1286
-1416 93
-1952 1965
-1175 635
-1790 -508
33 -1255
-1612 -1036
-835 -247
305 -1406
1523 -4
-1177 -1570
269 1924
148 102
1081 547
1014 0
828 -164
-1234 -1775
-1339 1578
832 37
-114 -1357
-1581 -24
-172 -97
592 59
-126 -1897
1029 1785
-131 1115
-561 -1520
1647 1446
1026 -1046
1517 1426
-735 417
1484 -863
-1861 -1321
898 1656
-1739 -593
1242 669
-829 923
-1144 273
427 -1759
0 300
300 0
300 300
1854 -679
-518 860
435 1416
-286 1633
-215 -1056
-838 -1714
1581 1002
-1663 -1003
-260 -1172
-1241 1417
-566 1316
108 75
-1623 -339
1054 872
-1352 -168
-327 -1240
635 233
1740 1918
1454 -124
-1858 -1511
-477 -1051
468 753
-288 1879
860 249
441 -693
-257 -1219
1292 -610
1575 1796
113 -1909
-761 561
1760 1130
1875 1521
1092 -537
2000 586
456 -1713
-465 -946
-1298 -1640
720 1863
1194 214
-689 1050
1882 -1721
-481 -685
-1477 -873
531 514
1673 1286
-775 -566
-172 -1073
-1202 1603
-1049 -22
-935 1641
-885 -826
1786 1532
-1957 -1445
-1914 84
-337 -1114
730 1202
-1912 114
1825 1952
1740 -42
-309 -1642
-1246 -366
650 157
1838 -1759
-1964 20
-149 357
-1618 870
-709 -1371
892 -1889
-1574 1507
608 -537
-1747 -743
497 1310
-1917 1648
287 1533
-1729 -1635
-130 -313
717 730
428 763
-1433 -794
-1373 -1754
1509 -594
190 224
1220 189
-1612 627
1189 989
1083 282
-1689 -1920
-945 -152
497 -14
616 -425
1792 -1378
739 309
-964 -1450
358 -1506
-499 1425
1494 -143
1737 1976
-359 -521
1978 91
-783 -686
312 -1067
1522 -1966
99 -1118
-215 -1308
887 -790
81 1514
-338 -934
-1899 790
136 -1717
148 1227
-1230 29
-696 -1748
729 -1562
1346 -221
-131 -491
-1597 1937
-1756 -1619
-1297 -585
1771 -1037
-179 -426
-910 1149
35 -443
1008 286
-603 1183
-893 193
-716 1359
1034 1444
-1071 1137
846 1927
-1820 1792
-1647 -1457
1237 942
268 689
297 1259
-1024 131
1306 1968
-630 -31
-1086 1095
-1319 1218
835 -197
-651 1001
1643 948
-1951 -647
213 940
-122 -252
-1878 -696
-1859 1708
-671 1204
1818 1143
877 -1488
1612 -1779
357 -1117
-1224 210
3 -977
-897 1069
-1054 1270
181 166
-1767 -1572
1099 665
1496 1498
-1824 -1848
-551 1360
-760 794
1019 1700
-1429 234
487 -69
1320 508
618 -188
-927 1795
421 1601
-144 1898
-519 -1025
360 -161
-851 -1332
1155 -1400
1575 546
-1494 758
657 -864
1300 -379
-1813 -618
-779 817
-1908 1698
-192 384
-277 -1447
400 598
1540 -1543
-539 -396
-31 260
-1427 597
-1899 640
-1316 1630
1461 -830
1747 -681
1739 1801
530 -85
-1687 -1563
-1125 1421
-1419 1831
-921 1777
188 -529
0 400
400 0
400 400
1563 -236
1394 -585
-728 437
926 931
-1611 -1036
1543 -865
-548 -726
1876 82
348 1467
-580 -821
118 1315
376 909
-1613 -1670
-1554 1628
-825 1316
-686 -1922
460 179
-1877 424
-271 575
-348 1723
542 81
551 427
-1018 -1512
975 1792
1452 1116
512 1892
-1303 1166
-1568 818
-1282 772
254 1465
-1522 789
1382 -1360
-1024 1983
-780 284
-875 -1136
1351 887
-1586 -132
347 -1169
-912 1215
-947 1479
1182 1794
403 989
-458 213
-622 206
-1982 -1627
-1424 640
212 115
-468 1763
-1393 -1540
660 -698
903 1974
1492 -1505
-1972 1659
774 727
168 -1328
708 680
-307 562
-538 712
-78 411
1934 101
-658 -359
-1753 1061
1906 -1867
226 654
2 -1099
-1006 1927
-746 -340
1022 -1593
-1807 157
429 381
246 1998
764 1767
-744 611
-1592 -1202
-937 -1710
-1700 792
-50 52
60 1302
126 1962
102 1255
-1782 1333
-1562 -396
413 -1957
714 1827
209 -70
1715 208
-1449 -1137
390 817
594 635
-1152 -521
1894 -769
1448 -368
-787 -1448
-1860 -304
-1945 -1966
-1825 -1697
686 -41
972 -1943
540 462
1408 935
-1977 314
1735 1439
1256 1175
-1888 -432
-1315 -613
1902 -1811
-1647 1027
-210 1363
1040 -1752
-525 -443
-1147 1681
1175 1916
1752 -1982
-23 -1182
-728 -261
-46 1274
1634 1057
1724 -240
982 1063
222 -828
418 1504
-908 -338
-1837 1726
-343 -841
347 -1692
-1447 557
669 -794
625 286
-1462 218
236 1755
1634 -1344
-1626 -747
-1313 -1929
-533 276
276 -134
-1970 345
1150 1316
734 1029
-1465 -67
411 -732
-1880 -156
-1641 463
107 -130
1840 1512
1474 1045
-1105 -1610
1396 689
-1041 1237
126 1799
-1446 -698
-1412 -70
1683 -345
869 1286
296 -1292
1756 -994
1119 1426
71 836
-225 62
1579 848
-64 1590
-422 -1432
-602 1780
875 1642
538 775
1088 829
1862 -1369
508 1628
-985 923
-1095 -560
346 1209
134 1431
1077 591
1275 904
845 1757
-1327 -1683
-1511 1032
-1715 499
-1202 -1026
-787 1672
1792 1144
323 1404
-620 898
-1925 -799
-1732 -1044
1497 -1424
-865 -474
-104 1145
-1204 -1758
1283 800
-1007 -963
1870 -558
1883 1283
-1728 -283
-587 -1689
-613 629
-482 -304
-295 1290
1945 -136
233 916
-1873 -1448
0 500
500 0
500 500
1695 1751
-1724 -847
-362 694
-497 -134
1978 -525
381 -1042
130 -45
902 -294
450 -430
1011 53
669 -1160
-1281 757
-1347 147
1788 639
-382 -645
1150 584
1938 1563
590 719
1006 -1719
-1524 -1818
-1445 -1235
-1455 -897
-84 6
-753 150
1181 743
-892 -1929
605 -688
-1905 1880
1115 -672
-808 453
-779 1685
-322 -1555
-803 1122
-1607 1024
-1279 -2000
1177 171
452 -350
746 1621
-1147 -800
177 -654
856 -651
542 1829
1581 650
-69 -1556
1538 271
-145 -1109
1525 -1944
-629 -1402
-1664 -521
-812 269
979 1972
1316 -338
1831 -1682
1315 265
-1726 -1447
-1898 -1549
-1825 776
-462 1580
-49 26
-937 538
1353 1577
-1469 97
1986 1135
-1384 -1563
1445 913
1476 -1978
1548 -411
485 -1718
741 441
332 -1417
1009 1961
1158 1037
314 -887
7 432
-1334 -1280
-1744 1272
880 922
1095 -1811
923 -306
-429 -431
-18 -1238
-1871 320
305 198
-1153 -1474
1352 -467
-1656 -1943
680 1448
966 1991
-582 959
-365 1103
-63 -893
-375 -524
921 -1164
-1257 1875
1401 1115
-918 1062
-1410 1209
861 1923
-1082 -1350
-357 -1526
479 1779
1676 1197
212 698
-522 -106
-1475 1443
-1505 986
662 -553
-480 -733
-1328 1943
1297 -19
-1766 1211
665 186
-651 917
-1458 -1724
190 1905
1808 202
-1247 957
65 450
-1241 -521
1873 -685
-1697 -1048
1202 290
-1255 1906
-1595 -1792
6 -432
490 1961
1411 -1024
580 1200
1739 -1913
-189 -1939
-656 -1003
741 747
-224 672
1537 -1883
-943 -226
-490 1913
-1771 -39
-1016 -208
-453 266
1877 -1103
1334 -1043
559 -1472
-272 -928
-1417 -1291
1707 168
-1714 176
-1117 1732
-1527 1831
63 -680
-1933 838
406 418
815 -991
-634 20
1115 -228
1122 -928
-1356 102
853 1767
24 1301
1686 1144
1676 -578
-1594 398
-503 -579
495 -822
-310 -785
1951 -752
-1950 -646
1828 383
-1022 1418
-1929 1349
-832 138
1917 943
-707 1919
-1046 -697
-1538 146
-62 995
435 528
618 1878
-1147 494
-1174 827
1235 917
138 -1041
339 -1844
-881 -1538
-710 -1871
-53 1678
-787 1151
-1298 928
-1241 -1747
469 817
408 -294
-627 639
172 615
1191 214
-1375 1624
-1980 1244
-950 590
1287 -1760
1834 -1923
-879 -263
-1776 211
0 600
600 0
600 600
391 -103
1241 -215
1974 1979
-382 -1787
1750 -1188
-1939 -208
-440 1093
6 -1465
1382 -1505
23 -174
473 -1042
320 65
1126 -472
1239 -365
630 709
-1502 -1428
111 -410
1760 -177
414 525
-1015 1964
931 617
-91 -2000
1204 385
-825 -523
176 1232
-1166 -1884
-388 -1413
613 623
-149 -782
1923 1585
895 1038
-1913 146
-783 -1028
-137 -1149
1190 -1986
1081 -1812
-1248 -355
-24 -1130
1689 -443
-382 463
1245 -419
1161 -507
-971 -229
850 342
1081 -1144
1765 988
211 814
230 -1083
-937 -104
-1952 1977
-902 -1928
-599 570
1024 743
-975 1374
1178 587
1956 832
114 -929
941 1769
-1741 -1133
-803 1281
-63 1532
563 -469
1710 1629
1383 940
-5 1947
-258 114
-1587 -1793
808 -1440
1077 572
-552 1122
789 869
-1258 -519
-1477 -928
1513 -1496
228 -931
-114 -844
1403 -671
56 1453
1250 938
-1609 -1542
1823 -782
-950 -334
-1790 -581
-1527 653
-1862 -1703
1561 889
1010 1459
1745 -612
-55 -1372
-1063 1592
624 -381
-1077 -1960
-1529 -1077
-1102 25
-198 1334
-373 -861
-569 -1224
1151 1025
1534 1804
-463 -978
-1425 460
-552 920
-821 -267
-319 -1795
-690 -1538
-1520 -1495
-127 -59
282 1963
-1002 807
-1101 -518
-1558 -1641
-514 1349
603 -1193
-1075 1430
1085 1570
1334 1934
-1200 983
1399 1134
989 1339
-1295 -531
-1988 -1560
357 -418
-1784 486
-578 -1327
569 -1346
1298 1233
-1406 298
1527 1304
165 -856
188 -1055
-416 -1804
617 -62
-757 863
265 85
1169 385
197 620
-777 881
-1703 -666
-397 63
-1868 1167
1880 -76
498 -534
394 1630
-682 1692
-805 -709
-568 -1500
-1801 369
939 836
188 -652
-1907 -1532
-1059 -1436
-773 -1968
-606 -713
1601 -1425
1127 53
-139 1714
-579 1246
-215 659
-948 -1848
-1908 -1946
-364 -989
406 191
1082 1225
-77 975
-1777 -390
-200 -630
150 912
990 1147
161 1353
-1994 -1259
1505 163
601 -1154
-845 1649
-484 -255
-869 1742
-1641 665
-1035 7
764 -360
1643 801
-1880 -742
-1197 1116
-139 722
1858 608
85 1678
652 57
795 37
-618 33
953 -453
-712 343
-870 -13
876 1079
-1652 -904
-757 1346
-1890 69
389 218
1450 1362
-340 -1698
-1244 -154
-1027 -52
-1637 1050
0 700
700 0
700 700
-1147 634
-137 94
-1168 -105
-301 -209
-1874 -1723
1381 -408
-921 -1305
-364 -1708
-1504 930
526 1094
217 1842
-1716 -1252
-1608 -1238
-1403 337
-489 1404
-306 146
-1057 1720
-1454 -1825
940 1409
-649 -865
1488 -1599
-1072 -163
1807 -1349
1638 -348
-272 -1711
762 1053
-877 -1522
-50 -150
156 -1155
-135 -682
1805 147
822 909
-1833 -96
-984 -1182
-1841 1209
-1168 855
-638 -1820
1326 -832
-1890 1647
1642 -1302
-674 600
-683 -1599
-1854 -1326
420 1765
-1217 -987
14 -1724
1909 462
760 1484
-1843 1652
-851 -536
-946 -1084
-1111 -1797
-1973 -1408
1563 -1369
-366 -1043
-507 -975
99 1061
1516 -113
1730 -928
-1479 444
1540 -333
478 912
1050 -1388
505 -1606
-1400 -227
1151 991
1846 -290
5 1277
-1013 -1426
1576 -1466
-1648 -676
1446 134
1065 884
1920 -327
-47 -743
271 1545
-483 1319
663 -608
-1638 -220
-1005 856
-1306 -1279
1198 -243
-779 795
-539 -1370
-970 1488
374 339
587 -125
392 737
-198 -1179
-1331 1411
-1306 -1907
1334 1891
1417 -1756
7 -361
-555 1718
1220 914
-388 -436
-1220 1417
-1408 698
475 -185
1243 -1333
1257 980
1578 356
1945 839
684 338
1078 167
-92 -245
-1011 1402
179 -1253
-1187 1108
-476 1988
-674 -19
-552 -1841
-699 -1137
-959 -337
747 -471
23 -1889
-1800 -1398
502 -638
-936 1563
1549 843
204 809
335 719
-1030 -1889
614 -1872
664 1180
692 973
-536 558
1407 -1481
328 381
-1767 -1978
1590 -221
-1273 1243
-1959 -698
159 1178
-504 -766
1702 -1257
921 1391
1875 -826
-1225 -1634
-1790 906
375 34
-1054 -23
768 -1940
-922 -1614
-547 1282
437 1125
-700 -1881
1644 1145
866 -1344
-1964 -438
617 -1826
1966 240
-219 458
-747 -660
79 -344
-1055 1507
233 -722
-708 -1154
-226 -1375
-1898 -169
-470 -1852
-1577 -1923
-1734 -382
-1755 1748
1570 1585
1859 -1113
1450 1495
-146 973
494 555
-1277 237
-90 -1866
-391 -656
94 811
-107 1897
733 1963
-1769 1517
-1871 1958
1887 1347
1008 -505
353 323
-1808 -1101
160 -80
-532 153
-1041 -1005
1104 205
-1474 -242
-1386 577
329 -1686
-96 -1625
928 -1221
720 467
-1145 -1546
-1672 1857
1295 1573
1076 -1689
-1610 305
-833 -393
1042 555
-932 -108
0 800
800 0
800 800
971 1060
-1949 616
-210 1605
635 -421
-1782 1125
-1784 -1642
343 -1040
-106 1906
1153 -410
-1167 1162
1631 -320
671 1729
284 656
-1656 724
1480 -1360
-60 1503
-113 -58
1926 332
-1476 -1895
-1032 309
-969 -1106
-685 1227
693 1887
1185 -116
-1785 1089
1863 -929
212 -927
-1320 638
960 -1849
-1930 1192
-1174 1364
-594 -822
-1439 759
1358 1770
-1560 -586
1765 746
-778 -460
-1101 1026
175 -228
-1641 410
273 125
925 -535
1352 721
1930 -534
-1719 -457
-1457 579
-1246 -410
-771 629
243 -488
-374 160
332 -1305
-641 -1767
-1435 -711
-1031 1952
-1042 767
1623 -28
118 1906
707 221
1933 -640
-1276 1842
725 -590
-710 -108
1061 -1215
-1151 883
1708 -1643
-101 -400
-1458 -932
-1271 1092
1629 -1957
-1791 251
-463 -1041
-1651 -868
1033 1864
-468 834
-1872 1215
-650 403
-805 -867
-1690 -1974
777 888
-1383 -1392
-1430 1857
1350 -189
1859 1420
-1464 -139
317 -1244
21 -1969
1093 -1095
-1546 336
1892 -666
1750 1999
-931 675
-1568 1352
-1289 403
1620 -895
-1313 -335
1393 -801
-1409 -1360
-1412 -152
-1083 -212
1186 543
-89 -1363
-860 -1900
1707 1763
-296 1685
-1159 1076
98 -1382
-457 717
782 -1609
1675 1110
708 1597
-1068 679
-1141 273
-184 1474
-188 501
-340 -556
1538 313
1830 -921
-1979 1809
420 1755
897 251
-1191 1967
-853 175
-1135 -1155
-155 1711
-751 -108
-1891 -993
-87 1567
-687 120
-1421 -1667
-110 -516
1424 -1715
-54 1553
1485 -620
-404 -1033
-122 -119
-100 -67
-483 -1144
1426 1581
-1977 727
-1961 1354
-1437 1239
1783 775
384 -1526
1591 -371
1753 1320
-386 -1075
-1754 464
1737 -595
861 1004
1129 1604
811 -1838
835 -703
-1918 1826
1260 1425
558 -190
-791 -427
-1856 1975
-821 1451
-285 -1471
-381 1079
-1057 -1841
-1967 -739
536 405
1707 -585
-567 -1585
1124 989
-1166 860
-1804 -1689
-1596 -1834
-1109 -75
-1175 1491
-463 -762
-354 1753
1508 1525
-1506 1772
-510 957
1429 1201
-119 1113
-1820 122
1904 1152
-35 570
1598 589
1589 -1809
324 100
-1967 1817
-1065 1779
1229 1346
-1397 484
1866 1803
-385 -1501
-826 -1374
1026 -558
-506 1286
1960 1778
-1193 1453
1595 -1252
435 -435
678 1690
-771 711
382 28
0 900
900 0
900 900
-1035 1245
-486 -1063
-964 1554
-962 -80
977 74
356 459
769 -726
181 -1775
253 -166
-1726 -296
-1743 -44
1533 -1385
-1466 1433
919 176
151 -1028
-1541 -646
-1085 993
1215 -1957
1722 667
-840 1629
1961 -1381
1776 645
1754 -1733
-213 64
-230 -1298
1093 1422
-810 1110
-774 -310
-1734 1211
1343 566
945 1231
569 -1994
-933 -851
-196 -1128
1970 820
-515 1596
1702 -1140
-412 108
504 -1693
-118 1384
454 -118
-374 1303
572 -969
-1229 -1133
-387 1695
1126 -47
1259 608
-742 -1101
1991 1326
921 -772
9 -872
1667 624
1809 -1137
1335 -733
240 795
-1074 -281
-107 1531
1616 -534
438 85
-190 1026
1072 244
-73 -395
-500 1100
-150 1233
-544 -1919
-1024 1888
1441 -1051
-1500 32
700 1458
780 66
685 1118
1265 1814
802 -195
-1761 1153
-1206 1514
1587 -1778
-1650 635
1277 -952
461 997
-586 -652
345 -579
-1730 -1327
-1757 -799
-869 1341
1901 1011
-320 -1563
-1662 1214
-1322 -284
-1049 302
-309 315
-1744 181
404 -903
1975 897
-1430 1501
-1870 1052
1147 1889
301 -1375
828 1789
964 -1730
1677 1589
-429 1260
1058 1309
1303 -1365
1874 -556
-912 57
1604 1515
1057 -1609
-895 1311
10 -1685
-999 -598
659 997
382 -438
1351 -637
671 -25
1382 1585
-970 868
1902 897
-1890 34
646 -508
1978 1282
1333 -131
1409 812
717 -926
109 516
1178 -319
-1627 -462
1396 -42
1663 779
-1948 -1155
-511 -2
331 -1368
-1601 1074
-1213 -1041
1962 -280
-91 -715
-360 718
-1554 -1434
454 -1564
-728 804
1013 35
1905 -647
-339 -1147
1193 -980
-1955 414
-1522 984
1167 1424
781 -1451
1431 -947
-1641 -159
1744 761
374 441
491 610
116 1668
589 -1896
-1964 1023
-567 -465
1690 -1495
-1743 -819
-246 -10
1012 -400
136 707
156 947
-1568 579
-1359 -450
-465 -194
-583 -1764
-309 -1183
897 1797
832 495
1476 219
763 -1747
-1358 1847
-396 -1252
1897 -400
-1861 294
-483 -1475
-121 -262
-733 1217
-928 653
-117 52
1624 363
-825 1561
1755 1267
906 -99
-212 1139
762 1036
-1572 1862
1507 1659
187 1086
-1275 110
37 -401
923 1419
-399 1506
-467 519
1032 1002
-1117 782
-40 1272
541 -207
-1529 -1497
-1676 1225
